Delay = 1 Ts and sampling rate = 1 Ts: 

H(:,:,1) =

    0.9000    0.7500
    0.6000    0.8000


H(:,:,2) =

    0.4000    0.2000
    0.3000    0.1000


H(:,:,3) =

  1.0e-016 *

   -0.1032   -0.1337
   -0.0569   -0.1832


H(:,:,4) =

  1.0e-016 *

    0.0394    0.0694
    0.0172    0.1050


H(:,:,5) =

  1.0e-017 *

    0.0657   -0.1659
    0.0990   -0.3645

 Delay = 1 Ts and sampling rate = 5.000000e-001 Ts: 

H(:,:,1) =

    0.9000    0.7500
    0.6000    0.8000


H(:,:,2) =

    0.8103    0.5922
    0.5610    0.5610


H(:,:,3) =

    0.4000    0.2000
    0.3000    0.1000


H(:,:,4) =

    0.0921   -0.0064
    0.0822   -0.0774


H(:,:,5) =

  1.0e-016 *

   -0.1032   -0.1337
   -0.0569   -0.1832


H(:,:,6) =

   -0.0051    0.0191
   -0.0092    0.0401


H(:,:,7) =

  1.0e-016 *

    0.0394    0.0694
    0.0172    0.1050


H(:,:,8) =

    0.0051   -0.0054
    0.0058   -0.0139


H(:,:,9) =

  1.0e-017 *

    0.0657   -0.1659
    0.0990   -0.3645

 Delay = 2.500000e-001 Ts and sampling rate = 1 Ts: 

H(:,:,1) =

    1.2582    0.9291
    0.8687    0.8896


H(:,:,2) =

    0.1145    0.0572
    0.0858    0.0286


H(:,:,3) =

   -0.0394   -0.0197
   -0.0295   -0.0098


H(:,:,4) =

    0.0162    0.0081
    0.0122    0.0041


H(:,:,5) =

   -0.0055   -0.0027
   -0.0041   -0.0014


H(:,:,6) =

   -0.0051    0.0191
   -0.0092    0.0401


H(:,:,7) =

  1.0e-016 *

    0.0394    0.0694
    0.0172    0.1050


H(:,:,8) =

    0.0051   -0.0054
    0.0058   -0.0139


H(:,:,9) =

  1.0e-017 *

    0.0657   -0.1659
    0.0990   -0.3645

 Delay = 2.500000e-001 Ts and sampling rate = 5.000000e-001 Ts: 

H(:,:,1) =

    1.2582    0.9291
    0.8687    0.8896


H(:,:,2) =

    0.9192    0.6466
    0.6427    0.5882


H(:,:,3) =

    0.1145    0.0572
    0.0858    0.0286


H(:,:,4) =

   -0.2202   -0.1625
   -0.1521   -0.1555


H(:,:,5) =

   -0.0394   -0.0197
   -0.0295   -0.0098


H(:,:,6) =

    0.0902    0.0667
    0.0623    0.0640


H(:,:,7) =

    0.0162    0.0081
    0.0122    0.0041


H(:,:,8) =

   -0.0336   -0.0247
   -0.0232   -0.0235


H(:,:,9) =

   -0.0055   -0.0027
   -0.0041   -0.0014